gpca=p1,          7,         0,         7,         0,         0,         0,         0,         0,         4,         0,         
gpca=p2,          0,         0,         0,         0,         0,         0,         0,         0,         4,         0,         
gpca=p3,          0,         0,         3,         0,         0,         0,         0,         0,         2,         0,         
gpca=p4,          0,         0,         0,         0,         0,         0,         0,         0,         4,         0,         
gpca=p5,          0,         0,         0,         0,         0,         0,         0,         0,         5,         0,         
gpca=p6,          0,         0,         0,         0,         0,         2,         0,         0,         1,         0,         
gpca=p7,          0,         0,         0,         0,         0,         0,         3,         0,         0,         5,         
gpca=p8,          0,         0,         0,         0,         0,         0,         0,         0,         5,         0,         
gpca=p9,          0,         0,         0,         0,         0,         0,         0,         0,         7,         0,         
gpca=p10,          0,         0,         0,         0,         0,         0,         0,         0,         0,         2,


infusion=p1,          25,         0,         0,         0,         0,         0,         0,         0,         0,         0,         0,         0,
infusion=p2,          0,         3,         0,         0,         0,         0,         0,         0,         0,         0,         0,         0,
infusion=p3,          0,         0,         3,         0,         0,         0,         0,         0,         0,         0,         0,         0,
infusion=p5,          0,         0,         0,         8,         0,         0,         0,         0,         0,         0,         0,         0,
infusion=p6,          1,         1,         0,         0,         9,         0,         11,         0,         0,         0,         0,         0,
infusion=p7,          0,         0,         0,         0,         0,         2,         0,         0,         0,         0,         0,         1,
infusion=p8,          0,         5,         0,         0,         0,         0,         4,         0,         0,         0,         0,         0,
infusion=p9,          5,         5,         0,         0,         2,         0,         2,         9,         0,         0,         0,         0,
infusion=p10,          1,         2,         0,         0,         0,         3,         0,         0,         3,         0,         0,         0,
infusion=p11,          0,         2,         0,         0,         0,         3,         0,         0,         0,         2,         0,         1,
infusion=p12,          0,         0,         0,         0,         0,         4,         0,         0,         0,         0,         2,         2,
infusion=p13,          0,         2,         0,         0,         0,         4,         0,         0,         0,         0,         0,         6,

tcas=p1,          3,         0,         1,         
tcas=p2,          2,         4,         0,         
tcas=p4,          2,         0,         2,

wbs=p1,          5,         1,
wbs=p3,          2,         2,         
