         ,p1,         p2,         p3,         p4,         p5,         p6,         p7,         p8,         p9,         p10,         
gpca=p1,          2,         0,         2,         0,         0,         0,         0,         0,         0,         0,         
gpca=p2,          0,         0,         0,         0,         0,         0,         0,         0,         0,         0,
gpca=p3,          0,         0,         2,         0,         0,         0,         0,         0,         0,         0,
gpca=p4,          0,         0,         0,         0,         0,         0,         0,         0,         0,         0,
gpca=p5,          0,         0,         0,         0,         0,         0,         0,         0,         0,         0,
gpca=p6,          0,         0,         0,         0,         0,         1,         0,         0,         0,         0,
gpca=p7,          0,         0,         0,         0,         0,         0,         1,         0,         0,         0,
gpca=p8,          0,         0,         0,         0,         0,         0,         0,         0,         0,         0,
gpca=p9,          0,         0,         0,         0,         0,         0,         0,         0,         1,         0,

         ,p1,         p2,         p3,         p5,         p6,         p7,         p8,         p9,         p10,         p11,         p12,         p13,
infusion=p1,          3,         0,         0,         0,         0,         0,         0,         0,         0,         0,         0,         0,
infusion=p2,
infusion=p3,          0,         0,         1,         0,         0,         0,         0,         0,         0,         0,         0,         0,
infusion=p5,          0,         0,         0,         1,         0,         0,         0,         0,         0,         0,         0,         0,
infusion=p6,          0,         0,         0,         0,         4,         0,         4,         0,         0,         0,         0,         0,
infusion=p7,          0,         0,         0,         0,         0,         0,         0,         0,         0,         0,         0,         0,
infusion=p8,          0,         0,         0,         0,         0,         0,         0,         0,         0,         0,         0,         0,
infusion=p9,          1,         1,         0,         0,         0,         0,         0,         0,         0,         0,         0,         0,
infusion=p10,          0,         0,         0,         0,         0,         0,         0,         0,         1,         0,         0,         0,
infusion=p11,          0,         0,         0,         0,         0,         0,         0,         0,         0,         1,         0,         0,
infusion=p12,          0,         0,         0,         0,         0,         0,         0,         0,         0,         0,         1,         0,
infusion=p13,          0,         0,         0,         0,         0,         0,         0,         0,         0,         0,         0,         1,


         ,p1,         p2,         p4,         
tcas=p1,          0,         0,         0,         
tcas=p2,          0,         0,         0,
tcas=p4,          0,         0,         0,


         ,p1,         p3,
wbs=p1,          2,         0,
wbs=p3,          2,         2,
